0	1	0	29
0	3	0	9
0	5	0	29
0	8	0	29
0	9	0	29
0	10	0	29
0	11	0	29
0	12	0	29
0	4	10	25
0	3	26	29
1	1	0	7
1	5	0	29
1	8	0	29
1	9	0	29
1	10	0	29
1	11	0	29
1	12	0	29
1	3	0	6
1	4	7	23
1	2	8	9
1	1	10	29
1	3	24	29
2	5	0	29
2	8	0	29
2	9	0	29
2	10	0	29
2	11	0	29
2	12	0	29
2	1	0	29
2	3	0	4
2	4	5	22
2	3	23	29
3	5	0	13
3	8	0	29
3	9	0	29
3	10	0	29
3	11	0	29
3	12	0	29
3	1	0	4
3	3	0	3
3	4	4	22
3	2	5	8
3	1	9	29
3	6	14	15
3	5	16	29
3	3	23	29
4	8	0	29
4	9	0	29
4	10	0	29
4	11	0	29
4	12	0	29
4	1	0	29
4	5	0	29
4	3	0	5
4	4	6	23
4	3	24	29
5	8	0	29
5	9	0	29
5	10	0	29
5	11	0	29
5	12	0	29
5	1	0	29
5	5	0	29
5	3	0	2
5	4	3	26
5	3	27	29
6	8	0	29
6	9	0	29
6	10	0	29
6	11	0	29
6	12	0	29
6	1	0	4
6	5	0	29
6	3	0	6
6	2	5	5
6	1	6	29
6	4	7	25
6	3	26	29
7	8	0	29
7	9	0	29
7	10	0	29
7	11	0	29
7	12	0	29
7	5	0	29
7	1	0	7
7	3	0	5
7	4	6	26
7	2	8	10
7	1	11	29
7	3	27	29
8	8	0	29
8	9	0	29
8	10	0	29
8	11	0	29
8	12	0	29
8	5	0	17
8	1	0	5
8	3	0	5
8	2	6	6
8	4	6	18
8	1	7	7
8	2	8	11
8	1	12	29
8	6	18	22
8	3	19	21
8	4	22	27
8	5	23	29
8	3	28	29
9	8	0	29
9	9	0	29
9	10	0	29
9	11	0	29
9	12	0	29
9	1	0	29
9	5	0	16
9	3	0	6
9	4	7	27
9	6	17	19
9	5	20	29
9	3	28	29
10	8	0	29
10	9	0	29
10	10	0	29
10	11	0	29
10	12	0	29
10	1	0	29
10	5	0	29
10	3	0	4
10	4	5	22
10	3	23	29
11	8	0	29
11	9	0	29
11	10	0	29
11	11	0	29
11	12	0	29
11	1	0	8
11	5	0	29
11	3	0	3
11	4	4	25
11	2	9	9
11	1	10	29
11	3	26	29
12	8	0	29
12	9	0	29
12	10	0	29
12	11	0	29
12	12	0	29
12	5	0	29
12	1	0	29
12	3	0	4
12	4	5	5
12	3	6	6
12	4	7	20
12	3	21	29
13	8	0	29
13	9	0	29
13	10	0	29
13	11	0	29
13	12	0	29
13	5	0	15
13	1	0	4
13	3	0	7
13	2	5	7
13	1	8	24
13	4	8	25
13	6	16	19
13	5	20	29
13	2	25	29
13	3	26	29
14	8	0	29
14	9	0	29
14	10	0	29
14	11	0	29
14	12	0	29
14	5	0	29
14	3	0	6
14	1	0	29
14	4	7	25
14	3	26	26
14	4	27	27
14	3	28	29
15	8	0	29
15	9	0	29
15	10	0	29
15	11	0	29
15	12	0	29
15	5	0	29
15	1	0	7
15	3	0	6
15	4	7	25
15	2	8	11
15	1	12	29
15	3	26	29
16	8	0	29
16	9	0	29
16	10	0	29
16	11	0	29
16	12	0	29
16	5	0	29
16	1	0	29
16	3	0	4
16	4	5	25
16	3	26	26
16	4	27	27
16	3	28	28
16	4	29	29
17	8	0	29
17	9	0	29
17	10	0	29
17	11	0	29
17	12	0	29
17	5	0	29
17	1	0	29
17	3	0	8
17	4	9	24
17	3	25	29
18	8	0	29
18	9	0	29
18	10	0	29
18	11	0	29
18	12	0	29
18	5	0	29
18	1	0	29
18	3	0	3
18	4	4	24
18	3	25	29
19	8	0	29
19	9	0	29
19	10	0	29
19	11	0	29
19	12	0	29
19	5	0	29
19	1	0	29
19	3	0	5
19	4	6	24
19	3	25	29
20	8	0	29
20	9	0	29
20	10	0	29
20	11	0	29
20	12	0	29
20	5	0	8
20	1	0	29
20	3	0	4
20	4	5	11
20	6	9	19
20	3	12	13
20	4	14	22
20	5	20	29
20	3	23	29
21	8	0	29
21	9	0	29
21	10	0	29
21	11	0	29
21	12	0	29
21	1	0	29
21	5	0	8
21	3	0	2
21	4	3	29
21	6	9	22
21	5	23	29
22	8	0	29
22	9	0	29
22	10	0	29
22	11	0	29
22	12	0	29
22	1	0	29
22	5	0	7
22	3	0	3
22	4	4	21
22	6	8	17
22	5	18	29
22	3	22	29
23	8	0	29
23	9	0	29
23	10	0	29
23	11	0	29
23	12	0	29
23	1	0	29
23	5	0	7
23	3	0	4
23	4	5	27
23	6	8	22
23	5	23	29
23	3	28	29
24	8	0	29
24	9	0	29
24	10	0	29
24	11	0	29
24	12	0	29
24	1	0	29
24	5	0	7
24	3	0	3
24	4	4	29
24	6	8	21
24	5	22	29
25	8	0	29
25	9	0	29
25	10	0	29
25	11	0	29
25	12	0	29
25	1	0	29
25	5	0	9
25	3	0	6
25	4	7	28
25	6	10	13
25	5	14	14
25	6	15	22
25	5	23	29
25	3	29	29
26	8	0	29
26	9	0	29
26	10	0	29
26	11	0	29
26	12	0	29
26	1	0	29
26	5	0	7
26	3	0	2
26	4	3	25
26	6	8	20
26	5	21	29
26	3	26	29
27	8	0	29
27	9	0	29
27	10	0	29
27	11	0	29
27	12	0	29
27	1	0	29
27	5	0	7
27	3	0	4
27	4	5	19
27	6	8	15
27	5	16	29
27	3	20	29
28	8	0	27
28	9	0	29
28	10	0	29
28	11	0	29
28	12	0	29
28	1	0	29
28	5	0	7
28	3	0	4
28	4	5	25
28	6	8	23
28	5	24	29
28	3	26	29
28	7	28	28
28	8	29	29
29	9	0	29
29	10	0	29
29	11	0	29
29	12	0	29
29	1	0	29
29	5	0	7
29	3	0	2
29	8	0	29
29	4	3	27
29	6	8	22
29	5	23	29
29	3	28	29
30	9	0	29
30	10	0	29
30	11	0	29
30	12	0	29
30	1	0	29
30	8	0	29
30	5	0	6
30	3	0	3
30	4	4	29
30	6	7	21
30	5	22	29
31	9	0	29
31	10	0	29
31	11	0	29
31	12	0	29
31	1	0	29
31	8	0	29
31	5	0	7
31	3	0	4
31	4	5	27
31	6	8	21
31	5	22	29
31	3	28	29
32	9	0	29
32	10	0	29
32	11	0	29
32	12	0	29
32	1	0	29
32	8	0	29
32	5	0	9
32	3	0	4
32	4	5	25
32	6	10	20
32	5	21	29
32	3	26	29
33	9	0	29
33	10	0	29
33	11	0	29
33	12	0	29
33	1	0	29
33	8	0	2
33	5	0	8
33	3	0	5
33	7	3	3
33	8	4	29
33	4	6	12
33	6	9	18
33	3	13	13
33	4	14	14
33	3	15	15
33	4	16	24
33	5	19	29
33	3	25	29
34	9	0	29
34	10	0	29
34	11	0	29
34	12	0	29
34	1	0	29
34	8	0	29
34	5	0	5
34	3	0	3
34	4	4	18
34	6	6	15
34	5	16	29
34	3	19	29
35	9	0	29
35	10	0	29
35	11	0	29
35	12	0	29
35	1	0	25
35	8	0	29
35	5	0	8
35	3	0	4
35	4	5	26
35	6	9	21
35	5	22	29
35	2	26	29
35	3	27	29
36	9	0	29
36	10	0	29
36	11	0	29
36	12	0	29
36	8	0	29
36	5	0	7
36	3	0	3
36	1	0	29
36	4	4	29
36	6	8	21
36	5	22	29
37	9	0	29
37	10	0	29
37	11	0	29
37	12	0	29
37	8	0	29
37	1	0	29
37	5	0	7
37	3	0	4
37	4	5	9
37	6	8	21
37	3	10	10
37	4	11	25
37	5	22	25
37	3	26	29
37	6	26	26
37	5	27	29
38	9	0	29
38	10	0	29
38	11	0	29
38	12	0	29
38	8	0	29
38	1	0	29
38	3	0	6
38	5	0	9
38	4	7	26
38	6	10	21
38	5	22	29
38	3	27	29
39	9	0	29
39	10	0	29
39	11	0	29
39	12	0	29
39	8	0	2
39	1	0	25
39	5	0	6
39	3	0	3
39	7	3	3
39	4	4	24
39	8	4	29
39	6	7	19
39	5	20	29
39	3	25	29
39	2	26	26
39	1	27	29
40	9	0	29
40	10	0	29
40	11	0	29
40	12	0	29
40	8	0	29
40	5	0	9
40	3	0	4
40	1	0	29
40	4	5	16
40	6	10	11
40	5	12	29
40	3	17	20
40	4	21	25
40	3	26	29
41	9	0	29
41	10	0	29
41	11	0	29
41	12	0	29
41	8	0	29
41	1	0	29
41	5	0	9
41	3	0	5
41	4	6	14
41	6	10	12
41	5	13	29
41	3	15	29
42	9	0	29
42	10	0	29
42	11	0	29
42	12	0	29
42	8	0	29
42	1	0	23
42	5	0	6
42	3	0	3
42	4	4	14
42	6	7	11
42	5	12	29
42	3	15	20
42	4	21	22
42	3	23	29
42	2	24	29
43	9	0	29
43	10	0	29
43	11	0	29
43	12	0	29
43	8	0	29
43	5	0	29
43	3	0	4
43	1	0	25
43	4	5	16
43	3	17	21
43	4	22	26
43	2	26	26
43	1	27	29
43	3	27	29
44	9	0	29
44	10	0	29
44	11	0	29
44	12	0	29
44	8	0	29
44	5	0	7
44	1	0	29
44	3	0	4
44	4	5	11
44	6	8	13
44	3	12	13
44	4	14	14
44	5	14	29
44	3	15	21
44	4	22	22
44	3	23	29
45	9	0	29
45	10	0	29
45	11	0	29
45	12	0	29
45	8	0	29
45	1	0	29
45	5	0	10
45	3	0	5
45	4	6	16
45	6	11	14
45	5	15	29
45	3	17	22
45	4	23	23
45	3	24	29
46	9	0	29
46	10	0	29
46	11	0	29
46	12	0	29
46	8	0	29
46	1	0	29
46	5	0	8
46	3	0	3
46	4	4	15
46	6	9	12
46	5	13	29
46	3	16	20
46	4	21	23
46	3	24	29
47	9	0	29
47	10	0	29
47	11	0	29
47	12	0	29
47	8	0	29
47	1	0	25
47	5	0	8
47	3	0	4
47	4	5	13
47	6	9	10
47	5	11	29
47	3	14	29
47	2	26	29
48	9	0	29
48	10	0	29
48	11	0	29
48	12	0	29
48	8	0	29
48	5	0	8
48	3	0	5
48	1	0	1
48	2	2	2
48	1	3	29
48	4	6	15
48	6	9	13
48	5	14	29
48	3	16	18
48	4	19	23
48	3	24	29
49	9	0	29
49	10	0	29
49	11	0	29
49	12	0	29
49	8	0	29
49	1	0	29
49	5	0	7
49	3	0	4
49	4	5	19
49	6	8	12
49	5	13	29
49	3	20	29
50	9	0	29
50	10	0	29
50	11	0	29
50	12	0	29
50	8	0	29
50	1	0	29
50	5	0	6
50	3	0	5
50	4	6	6
50	3	7	7
50	6	7	12
50	4	8	23
50	5	13	29
50	3	24	29
51	9	0	29
51	10	0	29
51	11	0	29
51	12	0	29
51	8	0	29
51	1	0	26
51	5	0	20
51	3	0	4
51	4	5	20
51	3	21	21
51	6	21	21
51	4	22	23
51	5	22	29
51	3	24	29
51	2	27	29
52	9	0	29
52	10	0	29
52	11	0	29
52	12	0	29
52	8	0	29
52	5	0	8
52	3	0	5
52	1	0	29
52	4	6	14
52	6	9	11
52	5	12	29
52	3	15	29
53	9	0	29
53	10	0	29
53	11	0	29
53	12	0	29
53	8	0	29
53	1	0	29
53	5	0	8
53	3	0	4
53	4	5	25
53	6	9	13
53	5	14	29
53	3	26	29
54	9	0	29
54	10	0	29
54	11	0	29
54	12	0	29
54	8	0	29
54	1	0	29
54	5	0	29
54	3	0	5
54	4	6	18
54	3	19	29
55	9	0	29
55	10	0	29
55	11	0	29
55	12	0	29
55	8	0	29
55	1	0	29
55	5	0	12
55	3	0	8
55	4	9	18
55	6	13	16
55	5	17	29
55	3	19	24
55	4	25	25
55	3	26	26
55	4	27	27
55	3	28	29
56	9	0	29
56	10	0	29
56	11	0	29
56	12	0	29
56	8	0	29
56	1	0	8
56	5	0	29
56	3	0	4
56	4	5	24
56	2	9	10
56	1	11	29
56	3	25	29
57	9	0	29
57	10	0	29
57	11	0	29
57	12	0	29
57	8	0	29
57	5	0	6
57	1	0	29
57	3	0	2
57	4	3	7
57	6	7	11
57	3	8	10
57	4	11	13
57	5	12	29
57	3	14	19
57	4	20	21
57	3	22	29
58	9	0	29
58	10	0	29
58	11	0	29
58	12	0	29
58	8	0	29
58	1	0	29
58	5	0	10
58	3	0	6
58	4	7	16
58	6	11	15
58	5	16	29
58	3	17	21
58	4	22	24
58	3	25	29
59	9	0	29
59	10	0	29
59	11	0	29
59	12	0	29
59	8	0	29
59	1	0	28
59	5	0	8
59	3	0	4
59	4	5	25
59	6	9	13
59	5	14	29
59	3	26	29
59	2	29	29
60	9	0	29
60	10	0	29
60	11	0	29
60	12	0	29
60	8	0	29
60	5	0	29
60	3	0	7
60	1	0	29
60	4	8	27
60	3	28	29
61	9	0	29
61	10	0	29
61	11	0	29
61	12	0	29
61	8	0	29
61	5	0	29
61	1	0	29
61	3	0	3
61	4	4	25
61	3	26	29
62	9	0	29
62	10	0	29
62	11	0	29
62	12	0	29
62	8	0	29
62	5	0	29
62	1	0	26
62	3	0	2
62	4	3	26
62	2	27	27
62	3	27	29
62	1	28	28
62	2	29	29
63	9	0	29
63	10	0	29
63	11	0	29
63	12	0	29
63	8	0	29
63	5	0	29
63	3	0	4
63	1	0	29
63	4	5	25
63	3	26	29
64	9	0	29
64	10	0	29
64	11	0	29
64	12	0	29
64	8	0	29
64	5	0	29
64	1	0	29
64	3	0	3
64	4	4	29
65	9	0	29
65	10	0	29
65	11	0	29
65	12	0	29
65	8	0	29
65	5	0	29
65	1	0	5
65	3	0	2
65	4	3	24
65	2	6	6
65	1	7	29
65	3	25	29
66	9	0	29
66	10	0	29
66	11	0	29
66	12	0	29
66	8	0	29
66	5	0	29
66	1	0	29
66	3	0	1
66	4	2	25
66	3	26	29
67	9	0	29
67	10	0	29
67	11	0	29
67	12	0	29
67	8	0	29
67	5	0	29
67	1	0	29
67	3	0	2
67	4	3	25
67	3	26	29
68	9	0	29
68	10	0	29
68	11	0	29
68	12	0	29
68	8	0	29
68	5	0	29
68	1	0	29
68	3	0	2
68	4	3	24
68	3	25	29
69	9	0	29
69	10	0	29
69	11	0	29
69	12	0	29
69	8	0	29
69	5	0	29
69	1	0	29
69	3	0	4
69	4	5	26
69	3	27	29
70	9	0	29
70	10	0	29
70	11	0	29
70	12	0	29
70	8	0	29
70	5	0	14
70	1	0	29
70	3	0	6
70	4	7	14
70	3	15	15
70	6	15	15
70	4	16	27
70	5	16	29
70	3	28	29
71	9	0	29
71	10	0	29
71	11	0	29
71	12	0	29
71	8	0	29
71	1	0	29
71	5	0	29
71	3	0	3
71	4	4	24
71	3	25	29
72	9	0	29
72	10	0	29
72	11	0	29
72	12	0	29
72	8	0	29
72	1	0	29
72	5	0	29
72	3	0	0
72	4	1	27
72	3	28	29
73	9	0	29
73	10	0	29
73	11	0	29
73	12	0	29
73	8	0	29
73	1	0	3
73	5	0	29
73	3	0	3
73	2	4	8
73	4	4	16
73	1	9	9
73	2	10	11
73	1	12	12
73	2	13	29
73	3	17	29
74	9	0	29
74	10	0	29
74	11	0	29
74	12	0	29
74	8	0	1
74	5	0	29
74	3	0	5
74	1	0	29
74	7	2	2
74	8	3	14
74	4	6	23
74	7	15	15
74	8	16	29
74	3	24	29
75	9	0	29
75	10	0	29
75	11	0	29
75	12	0	29
75	5	0	29
75	1	0	3
75	8	0	29
75	3	0	1
75	4	2	29
75	2	4	9
75	1	10	11
75	2	12	16
75	1	17	17
75	2	18	24
75	1	25	26
75	2	27	29
76	9	0	29
76	10	0	29
76	11	0	29
76	12	0	29
76	5	0	29
76	8	0	29
76	1	0	29
76	3	0	4
76	4	5	26
76	3	27	29
77	9	0	29
77	10	0	29
77	11	0	29
77	12	0	29
77	5	0	7
77	8	0	3
77	1	0	4
77	3	0	3
77	4	4	24
77	7	4	4
77	2	5	7
77	8	5	7
77	1	8	8
77	6	8	8
77	7	8	8
77	2	9	23
77	5	9	29
77	8	9	29
77	1	24	29
77	3	25	29
78	9	0	29
78	10	0	29
78	11	0	29
78	12	0	29
78	5	0	29
78	8	0	29
78	1	0	10
78	3	0	6
78	4	7	22
78	2	11	11
78	1	12	29
78	3	23	23
78	4	24	26
78	3	27	29
79	9	0	29
79	10	0	29
79	11	0	29
79	12	0	29
79	5	0	29
79	8	0	29
79	1	0	2
79	3	0	2
79	2	3	4
79	4	3	26
79	1	5	29
79	3	27	29
80	9	0	29
80	10	0	29
80	11	0	29
80	12	0	29
80	5	0	9
80	8	0	2
80	1	0	29
80	3	0	3
80	7	3	3
80	4	4	25
80	8	4	29
80	6	10	21
80	5	22	29
80	3	26	29
81	9	0	29
81	10	0	29
81	11	0	29
81	12	0	29
81	1	0	29
81	8	0	29
81	5	0	8
81	3	0	5
81	4	6	24
81	6	9	20
81	5	21	29
81	3	25	29
82	9	0	29
82	10	0	29
82	11	0	29
82	12	0	29
82	1	0	29
82	8	0	29
82	5	0	12
82	3	0	4
82	4	5	13
82	6	13	22
82	3	14	14
82	4	15	15
82	3	16	20
82	4	21	29
82	5	23	29
83	9	0	29
83	10	0	29
83	11	0	29
83	12	0	29
83	1	0	29
83	8	0	29
83	5	0	8
83	3	0	5
83	4	6	24
83	6	9	19
83	5	20	29
83	3	25	29
84	9	0	29
84	10	0	29
84	11	0	29
84	12	0	29
84	1	0	28
84	8	0	29
84	5	0	10
84	3	0	5
84	4	6	27
84	6	11	17
84	5	18	29
84	3	28	29
84	2	29	29
85	9	0	29
85	10	0	29
85	11	0	29
85	12	0	29
85	8	0	29
85	5	0	8
85	3	0	4
85	1	0	29
85	4	5	22
85	6	9	17
85	5	18	29
85	3	23	29
86	9	0	29
86	10	0	29
86	11	0	29
86	12	0	29
86	8	0	29
86	1	0	29
86	5	0	10
86	3	0	6
86	4	7	23
86	6	11	20
86	5	21	29
86	3	24	29
87	9	0	29
87	10	0	29
87	11	0	29
87	12	0	29
87	8	0	29
87	1	0	27
87	5	0	10
87	3	0	4
87	4	5	24
87	6	11	16
87	5	17	29
87	3	25	29
87	2	28	29
88	9	0	29
88	10	0	29
88	11	0	29
88	12	0	29
88	8	0	29
88	5	0	11
88	3	0	5
88	1	0	29
88	4	6	26
88	6	12	18
88	5	19	29
88	3	27	29
89	9	0	29
89	10	0	29
89	11	0	29
89	12	0	29
89	8	0	29
89	1	0	29
89	5	0	10
89	3	0	4
89	4	5	25
89	6	11	19
89	5	20	29
89	3	26	29
90	9	0	29
90	10	0	29
90	11	0	29
90	12	0	29
90	8	0	29
90	1	0	22
90	5	0	8
90	3	0	4
90	4	5	22
90	6	9	16
90	5	17	29
90	2	23	29
90	3	23	29
91	9	0	29
91	10	0	29
91	11	0	29
91	12	0	29
91	8	0	29
91	5	0	8
91	3	0	5
91	1	0	29
91	4	6	23
91	6	9	19
91	5	20	29
91	3	24	29
92	9	0	29
92	10	0	29
92	11	0	29
92	12	0	29
92	8	0	29
92	1	0	29
92	5	0	12
92	3	0	7
92	4	8	29
92	6	13	22
92	5	23	29
93	9	0	29
93	10	0	29
93	11	0	29
93	12	0	29
93	8	0	29
93	1	0	29
93	5	0	7
93	3	0	4
93	4	5	23
93	6	8	19
93	5	20	29
93	3	24	29
94	9	0	29
94	10	0	29
94	11	0	29
94	12	0	29
94	8	0	1
94	1	0	29
94	5	0	15
94	3	0	12
94	7	2	2
94	8	3	29
94	4	13	23
94	6	16	19
94	5	20	29
94	3	24	29
95	9	0	29
95	10	0	29
95	11	0	29
95	12	0	29
95	1	0	10
95	8	0	29
95	5	0	9
95	3	0	5
95	4	6	25
95	6	10	19
95	2	11	11
95	1	12	29
95	5	20	29
95	3	26	29
96	9	0	29
96	10	0	29
96	11	0	29
96	12	0	29
96	8	0	29
96	1	0	29
96	5	0	15
96	3	0	7
96	4	8	27
96	6	16	20
96	5	21	29
96	3	28	29
97	9	0	29
97	10	0	29
97	11	0	29
97	12	0	29
97	8	0	29
97	1	0	29
97	5	0	11
97	3	0	3
97	4	4	25
97	6	12	17
97	5	18	29
97	3	26	29
98	9	0	29
98	10	0	29
98	11	0	29
98	12	0	29
98	8	0	29
98	1	0	29
98	5	0	10
98	3	0	5
98	4	6	27
98	6	11	21
98	5	22	29
98	3	28	29
99	9	0	29
99	10	0	29
99	11	0	29
99	12	0	29
99	8	0	29
99	1	0	29
99	5	0	9
99	3	0	3
99	4	4	12
99	6	10	20
99	3	13	14
99	4	15	15
99	3	16	16
99	4	17	29
99	5	21	29
100	9	0	29
100	10	0	29
100	11	0	29
100	12	0	29
100	8	0	29
100	1	0	16
100	5	0	11
100	3	0	5
100	4	6	29
100	6	12	13
100	5	14	29
100	2	17	24
100	1	25	29
101	9	0	29
101	10	0	29
101	11	0	29
101	12	0	29
101	8	0	29
101	5	0	6
101	1	0	15
101	3	0	3
101	4	4	24
101	6	7	18
101	2	16	17
101	1	18	29
101	5	19	29
101	3	25	29
102	9	0	29
102	10	0	29
102	11	0	29
102	12	0	29
102	8	0	29
102	1	0	13
102	5	0	8
102	3	0	4
102	4	5	27
102	6	9	21
102	2	14	22
102	5	22	29
102	1	23	29
102	3	28	29
103	9	0	29
103	10	0	29
103	11	0	29
103	12	0	29
103	8	0	29
103	5	0	11
103	1	0	17
103	3	0	3
103	4	4	29
103	6	12	12
103	5	13	29
103	2	18	22
103	1	23	23
103	2	24	25
103	1	26	26
103	2	27	27
103	1	28	29
104	9	0	29
104	10	0	29
104	11	0	29
104	12	0	29
104	8	0	29
104	5	0	29
104	1	0	13
104	3	0	4
104	4	5	28
104	2	14	14
104	1	15	16
104	2	17	21
104	1	22	29
104	3	29	29
105	9	0	29
105	10	0	29
105	11	0	29
105	12	0	29
105	8	0	29
105	5	0	6
105	1	0	9
105	3	0	2
105	4	3	23
105	6	7	16
105	2	10	11
105	1	12	13
105	2	14	21
105	5	17	29
105	1	22	23
105	2	24	24
105	3	24	29
105	1	25	29
106	9	0	29
106	10	0	29
106	11	0	29
106	12	0	29
106	8	0	29
106	5	0	29
106	3	0	3
106	1	0	15
106	4	4	25
106	2	16	17
106	1	18	20
106	2	21	21
106	1	22	24
106	2	25	25
106	1	26	26
106	3	26	29
106	2	27	27
106	1	28	29
107	9	0	29
107	10	0	29
107	11	0	29
107	12	0	29
107	8	0	29
107	5	0	8
107	3	0	3
107	1	0	13
107	4	4	29
107	6	9	22
107	2	14	14
107	1	15	15
107	2	16	20
107	1	21	29
107	5	23	29
108	9	0	29
108	10	0	29
108	11	0	29
108	12	0	29
108	8	0	29
108	1	0	15
108	5	0	29
108	3	0	3
108	4	4	26
108	2	16	21
108	1	22	29
108	3	27	29
109	9	0	29
109	10	0	29
109	11	0	29
109	12	0	29
109	8	0	29
109	5	0	6
109	1	0	12
109	3	0	3
109	4	4	8
109	6	7	19
109	3	9	10
109	4	11	25
109	2	13	13
109	1	14	14
109	2	15	15
109	1	16	16
109	2	17	18
109	1	19	29
109	5	20	29
109	3	26	29
110	9	0	29
110	10	0	29
110	11	0	29
110	12	0	29
110	8	0	29
110	1	0	15
110	5	0	10
110	3	0	3
110	4	4	27
110	6	11	12
110	5	13	16
110	2	16	19
110	6	17	17
110	5	18	29
110	1	20	25
110	2	26	26
110	1	27	29
110	3	28	29
111	9	0	29
111	10	0	29
111	11	0	29
111	12	0	29
111	8	0	29
111	5	0	8
111	1	0	16
111	3	0	3
111	4	4	27
111	6	9	17
111	2	17	17
111	1	18	29
111	5	18	29
111	3	28	29
112	9	0	29
112	10	0	29
112	11	0	29
112	12	0	29
112	8	0	29
112	1	0	16
112	5	0	29
112	3	0	3
112	4	4	26
112	2	17	22
112	1	23	29
112	3	27	29
113	9	0	29
113	10	0	29
113	11	0	29
113	12	0	29
113	8	0	29
113	5	0	8
113	1	0	14
113	3	0	3
113	4	4	25
113	6	9	11
113	5	12	29
113	2	15	16
113	1	17	17
113	2	18	19
113	1	20	29
113	3	26	29
114	9	0	29
114	10	0	29
114	11	0	29
114	12	0	29
114	8	0	29
114	5	0	8
114	1	0	14
114	3	0	4
114	4	5	26
114	6	9	18
114	2	15	22
114	5	19	29
114	1	23	29
114	3	27	29
115	9	0	29
115	10	0	29
115	11	0	29
115	12	0	29
115	8	0	29
115	5	0	7
115	1	0	9
115	3	0	4
115	4	5	28
115	6	8	18
115	2	10	10
115	1	11	16
115	2	17	18
115	1	19	19
115	5	19	29
115	2	20	21
115	1	22	29
115	3	29	29
116	9	0	29
116	10	0	29
116	11	0	29
116	12	0	29
116	8	0	29
116	5	0	10
116	1	0	15
116	3	0	4
116	4	5	23
116	6	11	12
116	5	13	29
116	2	16	16
116	1	17	17
116	2	18	20
116	1	21	29
116	3	24	29
117	9	0	29
117	10	0	29
117	11	0	29
117	12	0	29
117	8	0	29
117	5	0	14
117	1	0	19
117	3	0	11
117	4	12	29
117	6	15	21
117	2	20	25
117	5	22	29
117	1	26	29
118	9	0	29
118	10	0	29
118	11	0	29
118	12	0	29
118	8	0	29
118	5	0	9
118	1	0	29
118	3	0	5
118	4	6	27
118	6	10	19
118	5	20	29
118	3	28	29
119	9	0	29
119	10	0	29
119	11	0	29
119	12	0	29
119	8	0	29
119	1	0	13
119	5	0	29
119	3	0	4
119	4	5	28
119	2	14	26
119	1	27	29
119	3	29	29
120	9	0	29
120	10	0	29
120	11	0	29
120	12	0	29
120	8	0	29
120	5	0	29
120	1	0	29
120	3	0	2
120	4	3	27
120	3	28	29
121	9	0	29
121	10	0	29
121	11	0	29
121	12	0	29
121	8	0	29
121	5	0	29
121	1	0	29
121	3	0	3
121	4	4	27
121	3	28	29
122	9	0	29
122	10	0	29
122	11	0	29
122	12	0	29
122	8	0	29
122	5	0	29
122	1	0	29
122	3	0	4
122	4	5	22
122	3	23	29
123	9	0	29
123	10	0	29
123	11	0	29
123	12	0	29
123	8	0	29
123	5	0	29
123	1	0	28
123	3	0	3
123	4	4	27
123	3	28	29
123	2	29	29
124	9	0	29
124	10	0	29
124	11	0	29
124	12	0	29
124	8	0	29
124	5	0	29
124	3	0	3
124	1	0	29
124	4	4	23
124	3	24	29
125	9	0	29
125	10	0	29
125	11	0	29
125	12	0	29
125	8	0	29
125	5	0	29
125	1	0	29
125	3	0	4
125	4	5	24
125	3	25	25
125	4	26	26
125	3	27	29
126	9	0	29
126	10	0	29
126	11	0	29
126	12	0	29
126	8	0	29
126	5	0	29
126	1	0	29
126	3	0	2
126	4	3	24
126	3	25	29
127	9	0	29
127	10	0	29
127	11	0	29
127	12	0	29
127	8	0	29
127	5	0	29
127	1	0	27
127	3	0	4
127	4	5	29
127	2	28	29
128	9	0	29
128	10	0	29
128	11	0	29
128	12	0	29
128	8	0	29
128	5	0	29
128	1	0	29
128	3	0	4
128	4	5	24
128	3	25	29
129	9	0	29
129	10	0	29
129	11	0	29
129	12	0	29
129	8	0	29
129	5	0	29
129	1	0	29
129	3	0	2
129	4	3	26
129	3	27	29
130	9	0	29
130	10	0	29
130	11	0	29
130	12	0	29
130	8	0	29
130	5	0	29
130	1	0	29
130	3	0	3
130	4	4	26
130	3	27	29
131	9	0	29
131	10	0	29
131	11	0	29
131	12	0	29
131	8	0	29
131	5	0	29
131	1	0	29
131	3	0	2
131	4	3	26
131	3	27	29
132	9	0	29
132	10	0	29
132	11	0	29
132	12	0	29
132	5	0	29
132	1	0	29
132	3	0	4
132	7	0	0
132	8	1	29
132	4	5	29
133	9	0	29
133	10	0	29
133	11	0	29
133	12	0	29
133	5	0	29
133	1	0	29
133	8	0	29
133	3	0	2
133	4	3	24
133	3	25	29
134	9	0	29
134	10	0	29
134	11	0	29
134	12	0	29
134	5	0	29
134	1	0	29
134	8	0	29
134	3	0	8
134	4	9	27
134	3	28	29
135	9	0	29
135	10	0	29
135	11	0	29
135	12	0	29
135	5	0	29
135	1	0	28
135	8	0	29
135	3	0	4
135	4	5	23
135	3	24	29
135	2	29	29
136	9	0	29
136	10	0	29
136	11	0	29
136	12	0	29
136	5	0	29
136	8	0	29
136	3	0	3
136	1	0	29
136	4	4	24
136	3	25	29
137	9	0	29
137	10	0	29
137	11	0	29
137	12	0	29
137	5	0	29
137	8	0	29
137	1	0	29
137	3	0	4
137	4	5	22
137	3	23	29
138	9	0	29
138	10	0	29
138	11	0	29
138	12	0	29
138	5	0	29
138	8	0	29
138	1	0	29
138	3	0	3
138	4	4	26
138	3	27	29
139	9	0	29
139	10	0	29
139	11	0	29
139	12	0	29
139	5	0	29
139	8	0	29
139	1	0	28
139	3	0	2
139	4	3	29
139	2	29	29
140	9	0	29
140	10	0	29
140	11	0	29
140	12	0	29
140	5	0	29
140	8	0	29
140	1	0	29
140	3	0	3
140	4	4	26
140	3	27	29
141	9	0	29
141	10	0	29
141	11	0	29
141	12	0	29
141	5	0	29
141	8	0	29
141	3	0	5
141	2	0	8
141	4	6	26
141	1	9	22
141	2	23	29
141	3	27	29
142	9	0	29
142	10	0	29
142	11	0	29
142	12	0	29
142	5	0	29
142	8	0	29
142	3	0	3
142	1	0	26
142	4	4	25
142	3	26	29
142	2	27	27
142	1	28	29
143	9	0	29
143	10	0	29
143	11	0	29
143	12	0	29
143	5	0	29
143	8	0	29
143	3	0	4
143	1	0	16
143	4	5	17
143	2	17	29
143	3	18	29
144	9	0	29
144	10	0	29
144	11	0	29
144	12	0	29
144	5	0	29
144	8	0	29
144	3	0	4
144	1	0	29
144	4	5	24
144	3	25	29
145	9	0	29
145	10	0	29
145	11	0	29
145	12	0	29
145	5	0	29
145	8	0	29
145	1	0	29
145	3	0	4
145	4	5	22
145	3	23	29
146	9	0	29
146	10	0	29
146	11	0	29
146	12	0	29
146	5	0	29
146	8	0	29
146	1	0	29
146	3	0	3
146	4	4	24
146	3	25	29
147	9	0	29
147	10	0	29
147	11	0	29
147	12	0	29
147	5	0	29
147	8	0	29
147	1	0	29
147	3	0	4
147	4	5	27
147	3	28	29
148	9	0	29
148	10	0	29
148	11	0	29
148	12	0	29
148	5	0	29
148	8	0	29
148	1	0	29
148	3	0	5
148	4	6	24
148	3	25	29
149	9	0	29
149	10	0	29
149	11	0	29
149	12	0	29
149	5	0	29
149	8	0	29
149	1	0	29
149	3	0	6
149	4	7	27
149	3	28	29
150	9	0	29
150	10	0	29
150	11	0	29
150	12	0	29
150	5	0	29
150	8	0	29
150	1	0	29
150	3	0	5
150	4	6	28
150	3	29	29
151	9	0	29
151	10	0	29
151	11	0	29
151	12	0	29
151	5	0	29
151	8	0	29
151	1	0	29
151	3	0	5
151	4	6	27
151	3	28	29
152	9	0	29
152	10	0	29
152	11	0	29
152	12	0	29
152	5	0	29
152	8	0	29
152	1	0	29
152	3	0	4
152	4	5	28
152	3	29	29
153	9	0	29
153	10	0	29
153	11	0	29
153	12	0	29
153	5	0	29
153	8	0	29
153	1	0	25
153	3	0	4
153	4	5	23
153	3	24	29
153	2	26	29
154	9	0	29
154	10	0	29
154	11	0	29
154	12	0	29
154	5	0	29
154	8	0	29
154	3	0	5
154	1	0	29
154	4	6	27
154	3	28	29
155	9	0	29
155	10	0	29
155	11	0	29
155	12	0	29
155	5	0	29
155	8	0	29
155	1	0	29
155	3	0	4
155	4	5	25
155	3	26	29
156	9	0	29
156	10	0	29
156	11	0	29
156	12	0	29
156	5	0	29
156	8	0	29
156	1	0	29
156	3	0	4
156	4	5	26
156	3	27	29
157	9	0	29
157	10	0	29
157	11	0	29
157	12	0	29
157	5	0	29
157	8	0	29
157	1	0	29
157	3	0	4
157	4	5	21
157	3	22	29
158	9	0	29
158	10	0	29
158	11	0	29
158	12	0	29
158	5	0	29
158	8	0	29
158	1	0	29
158	3	0	3
158	4	4	25
158	3	26	29
159	9	0	29
159	10	0	29
159	11	0	29
159	12	0	29
159	5	0	29
159	8	0	29
159	1	0	29
159	3	0	4
159	4	5	23
159	3	24	29
160	9	0	29
160	10	0	29
160	11	0	29
160	12	0	29
160	5	0	29
160	8	0	29
160	1	0	29
160	3	0	4
160	4	5	23
160	3	24	29
161	9	0	29
161	10	0	29
161	11	0	29
161	12	0	29
161	5	0	29
161	8	0	29
161	1	0	29
161	3	0	3
161	4	4	21
161	3	22	29
162	9	0	29
162	10	0	29
162	11	0	29
162	12	0	29
162	5	0	29
162	8	0	29
162	1	0	29
162	3	0	4
162	4	5	26
162	3	27	29
163	9	0	29
163	10	0	29
163	11	0	29
163	12	0	29
163	5	0	29
163	8	0	29
163	1	0	29
163	3	0	4
163	4	5	28
163	3	29	29
164	9	0	29
164	10	0	29
164	11	0	29
164	12	0	29
164	5	0	29
164	8	0	29
164	1	0	5
164	3	0	6
164	2	6	8
164	4	7	25
164	1	9	29
164	3	26	29
165	9	0	29
165	10	0	29
165	11	0	29
165	12	0	29
165	5	0	29
165	8	0	29
165	1	0	29
165	3	0	3
165	4	4	22
165	3	23	25
165	4	26	27
165	3	28	29
166	9	0	29
166	10	0	29
166	11	0	29
166	12	0	29
166	5	0	29
166	8	0	6
166	1	0	29
166	3	0	4
166	4	5	6
166	3	7	7
166	7	7	7
166	4	8	24
166	8	8	29
166	3	25	29
167	9	0	29
167	10	0	29
167	11	0	29
167	12	0	29
167	5	0	29
167	1	0	29
167	8	0	29
167	3	0	3
167	4	4	19
167	3	20	24
167	4	25	26
167	3	27	29
168	9	0	29
168	10	0	29
168	11	0	29
168	12	0	29
168	5	0	29
168	1	0	29
168	8	0	29
168	3	0	5
168	4	6	15
168	3	16	17
168	4	18	22
168	3	23	29
169	9	0	29
169	10	0	29
169	11	0	29
169	12	0	29
169	5	0	29
169	1	0	29
169	8	0	29
169	3	0	5
169	4	6	16
169	3	17	29
170	9	0	29
170	10	0	29
170	11	0	29
170	12	0	29
170	5	0	29
170	1	0	29
170	8	0	29
170	3	0	8
170	4	9	15
170	3	16	20
170	4	21	23
170	3	24	26
170	4	27	28
170	3	29	29
171	9	0	29
171	10	0	29
171	11	0	29
171	12	0	29
171	5	0	29
171	1	0	29
171	8	0	29
171	3	0	11
171	4	12	18
171	3	19	19
171	4	20	29
172	9	0	29
172	10	0	29
172	11	0	29
172	12	0	29
172	5	0	29
172	1	0	29
172	8	0	29
172	3	0	5
172	4	6	15
172	3	16	16
172	4	17	27
172	3	28	29
173	9	0	29
173	10	0	29
173	11	0	29
173	12	0	29
173	5	0	29
173	1	0	29
173	8	0	29
173	3	0	3
173	4	4	26
173	3	27	29
174	9	0	29
174	10	0	29
174	11	0	29
174	12	0	29
174	5	0	29
174	1	0	28
174	8	0	29
174	3	0	3
174	4	4	29
174	2	29	29
175	9	0	29
175	10	0	29
175	11	0	29
175	12	0	29
175	5	0	29
175	8	0	29
175	1	0	29
175	3	0	3
175	4	4	25
175	3	26	29
176	9	0	29
176	10	0	29
176	11	0	29
176	12	0	29
176	5	0	29
176	8	0	29
176	1	0	29
176	3	0	3
176	4	4	25
176	3	26	29
177	9	0	29
177	10	0	29
177	11	0	29
177	12	0	29
177	5	0	29
177	8	0	29
177	1	0	28
177	3	0	5
177	4	6	25
177	3	26	29
177	2	29	29
178	9	0	29
178	10	0	29
178	11	0	29
178	12	0	29
178	5	0	29
178	8	0	29
178	3	0	2
178	1	0	29
178	4	3	28
178	3	29	29
179	9	0	29
179	10	0	29
179	11	0	29
179	12	0	29
179	5	0	29
179	8	0	29
179	1	0	29
179	3	0	7
179	4	8	14
179	3	15	18
179	4	19	25
179	3	26	29
180	9	0	29
180	10	0	29
180	11	0	29
180	12	0	29
180	5	0	9
180	8	0	29
180	1	0	25
180	3	0	6
180	4	7	17
180	6	10	13
180	5	14	29
180	3	18	19
180	4	20	20
180	3	21	22
180	4	23	23
180	3	24	29
180	2	26	27
180	1	28	29
181	9	0	29
181	10	0	29
181	11	0	29
181	12	0	29
181	8	0	29
181	5	0	29
181	3	0	9
181	1	0	29
181	4	10	26
181	3	27	29
182	9	0	29
182	10	0	29
182	11	0	29
182	12	0	29
182	8	0	29
182	5	0	6
182	1	0	29
182	3	0	3
182	4	4	13
182	6	7	9
182	5	10	29
182	3	14	15
182	4	16	22
182	3	23	29
183	9	0	29
183	10	0	29
183	11	0	29
183	12	0	29
183	8	0	29
183	1	0	23
183	5	0	8
183	3	0	5
183	4	6	24
183	6	9	12
183	5	13	29
183	2	24	28
183	3	25	29
183	1	29	29
184	9	0	29
184	10	0	29
184	11	0	29
184	12	0	29
184	8	0	29
184	5	0	8
184	3	0	4
184	1	0	29
184	4	5	29
184	6	9	11
184	5	12	29
185	9	0	29
185	10	0	29
185	11	0	29
185	12	0	29
185	8	0	29
185	1	0	29
185	5	0	8
185	3	0	5
185	4	6	14
185	6	9	9
185	5	10	29
185	3	15	29
186	9	0	29
186	10	0	29
186	11	0	29
186	12	0	29
186	8	0	29
186	1	0	29
186	5	0	12
186	3	0	8
186	4	9	29
186	6	13	15
186	5	16	29
187	9	0	29
187	10	0	29
187	11	0	29
187	12	0	29
187	8	0	29
187	1	0	29
187	5	0	8
187	3	0	6
187	4	7	25
187	6	9	14
187	5	15	29
187	3	26	29
188	9	0	29
188	10	0	29
188	11	0	29
188	12	0	29
188	8	0	29
188	1	0	29
188	5	0	9
188	3	0	4
188	4	5	24
188	6	10	11
188	5	12	29
188	3	25	29
189	9	0	29
189	10	0	29
189	11	0	29
189	12	0	29
189	8	0	29
189	1	0	29
189	5	0	29
189	3	0	5
189	4	6	25
189	3	26	29
190	9	0	29
190	10	0	29
190	11	0	29
190	12	0	29
190	8	0	29
190	1	0	29
190	5	0	8
190	3	0	4
190	4	5	27
190	6	9	10
190	5	11	29
190	3	28	29
191	9	0	29
191	10	0	29
191	11	0	29
191	12	0	29
191	8	0	29
191	1	0	29
191	5	0	11
191	3	0	7
191	4	8	24
191	6	12	12
191	5	13	29
191	3	25	29
192	9	0	29
192	10	0	29
192	11	0	29
192	12	0	29
192	8	0	29
192	1	0	29
192	5	0	9
192	3	0	5
192	4	6	25
192	6	10	11
192	5	12	29
192	3	26	29
193	9	0	29
193	10	0	29
193	11	0	29
193	12	0	29
193	8	0	29
193	1	0	27
193	5	0	29
193	3	0	5
193	4	6	24
193	3	25	29
193	2	28	28
193	1	29	29
194	9	0	29
194	10	0	29
194	11	0	29
194	12	0	29
194	8	0	29
194	5	0	13
194	3	0	11
194	1	0	29
194	4	12	29
194	6	14	18
194	5	19	29
195	9	0	29
195	10	0	29
195	11	0	29
195	12	0	29
195	8	0	29
195	1	0	27
195	5	0	10
195	3	0	8
195	4	9	25
195	6	11	14
195	5	15	29
195	3	26	29
195	2	28	28
195	1	29	29
196	9	0	29
196	10	0	29
196	11	0	29
196	12	0	29
196	8	0	29
196	5	0	7
196	3	0	4
196	1	0	27
196	4	5	17
196	6	8	14
196	5	15	29
196	3	18	22
196	4	23	25
196	3	26	29
196	2	28	28
196	1	29	29
197	9	0	29
197	10	0	29
197	11	0	29
197	12	0	29
197	8	0	29
197	5	0	8
197	3	0	5
197	1	0	23
197	4	6	22
197	6	9	12
197	5	13	29
197	3	23	29
197	2	24	26
197	1	27	29
198	9	0	29
198	10	0	29
198	11	0	29
198	12	0	29
198	8	0	29
198	5	0	7
198	3	0	4
198	1	0	29
198	4	5	10
198	6	8	14
198	3	11	11
198	4	12	17
198	5	15	29
198	3	18	22
198	4	23	24
198	3	25	29
199	9	0	29
199	10	0	29
199	11	0	29
199	12	0	29
199	8	0	29
199	1	0	29
199	5	0	8
199	3	0	5
199	4	6	25
199	6	9	11
199	5	12	29
199	3	26	29
